2 5 6 9 10
1 5 7 10 14
1 6 8 10 11
1 3 8 12 13
3 7 8 11 14
1 3 12 13 14
6 7 9 13 14
2 4 7 12 14
3 5 6 8 12
1 2 6 11 14
2 8 10 13 14
2 3 6 7 13
2 4 5 6 9
3 7 8 11 12
1 2 9 10 13
2 3 5 9 14
1 6 7 11 13
5 8 9 11 13
3 7 8 9 10
4 5 11 13 14
4 5 8 10 12
5 6 8 12 14
3 4 6 10 14
1 2 4 10 13
2 3 4 8 11
3 5 10 11 13
1 4 8 9 14
6 7 10 12 13
1 5 7 9 12
1 3 6 9 11
2 6 8 9 12
1 5 6 11 13
2 7 9 10 11
3 4 9 12 13
1 2 3 10 12
5 6 7 11 13
2 5 11 12 13
9 10 11 12 14
1 2 5 7 8
4 7 9 10 11
4 6 7 8 13
1 4 6 11 12
1 3 4 5 7
