3 4 7 9 13 14
1 2 6 9 10 13
4 7 10 11 12 13
3 5 9 11 12 13
2 3 4 8 12 14
1 6 7 9 11 14
1 2 8 11 12 13
2 3 5 7 8 9
1 3 5 8 13 14
1 2 3 4 5 7
2 4 5 8 11 14
2 4 5 7 9 12
1 2 6 10 11 14
1 4 5 12 13 14
2 4 6 7 12 14
4 5 6 7 8 14
2 3 5 6 8 11
2 3 5 7 8 13
2 3 5 6 12 14
2 6 9 11 13 14
5 7 8 11 12 14
1 5 6 8 9 12
3 4 8 9 12 13
2 6 8 9 12 13
1 7 8 10 12 14
1 4 7 9 11 12
2 5 7 9 10 14
1 5 9 10 13 14
3 6 8 11 13 14
1 2 3 9 12 14
3 5 6 7 11 12
7 8 9 12 13 14
4 5 8 9 11 13
3 7 8 10 11 13
2 3 6 7 8 14
2 3 5 7 10 12
3 4 6 7 8 12
1 3 4 5 6 9
2 5 6 7 9 13
2 4 5 7 8 10
1 4 6 7 8 13
1 3 6 7 12 13
3 6 7 9 10 12
2 8 9 10 11 12
1 2 4 8 9 14
2 3 4 9 10 11
2 3 4 6 9 13
3 4 6 10 11 14
5 6 9 10 11 14
1 2 5 7 13 14
4 6 7 8 9 10
2 3 7 11 12 14
1 3 4 7 10 14
3 5 8 9 10 14
4 6 9 11 12 14
6 7 10 11 13 14
1 4 6 8 11 14
1 2 5 6 7 10
3 4 5 8 10 12
2 4 5 6 11 12
1 2 5 7 8 12
1 3 5 10 11 12
2 5 7 10 11 13
1 5 6 11 13 14
3 6 8 9 11 14
1 4 8 9 10 13
1 2 3 4 11 13
1 4 5 8 10 11
1 3 4 8 11 12
2 4 8 10 13 14
1 7 9 10 11 13
1 3 7 8 9 11
4 6 11 12 13 14
4 5 9 10 12 14
2 3 10 12 13 14
1 3 6 11 12 14
3 4 5 7 11 14
1 3 9 10 12 13
5 6 8 10 12 13
6 8 10 11 12 14
2 4 5 7 12 13
1 2 3 6 8 10
1 2 4 6 10 12
1 2 5 7 9 11
3 4 5 6 10 13
2 4 6 7 8 11
