4 5 6 9 14
4 5 10 13 15
6 8 11 13 15
3 4 7 10 14
4 8 12 13 14
6 8 9 11 12
2 4 8 9 10
2 7 10 11 15
1 3 9 12 14
7 9 10 12 13
1 4 6 10 12
6 7 12 14 15
5 6 7 8 10
3 5 11 14 15
3 4 6 10 11
2 3 4 5 12
3 8 10 12 15
2 5 7 13 14
3 7 11 12 13
7 8 9 11 14
2 10 11 12 14
2 3 6 8 14
6 9 10 14 15
1 8 10 11 13
1 2 7 8 12
2 5 8 9 15
1 4 8 14 15
2 4 8 11 13
2 9 11 13 14
5 6 9 12 13
4 9 11 12 15
5 8 10 12 14
3 4 9 13 15
2 4 6 7 15
1 3 5 6 15
1 4 6 7 13
4 5 7 11 12
3 5 9 10 11
1 2 12 13 15
2 3 6 10 13
1 7 9 10 15
3 5 8 11 13
1 4 5 7 9
1 6 7 11 14
1 4 5 6 8
1 3 8 9 13
2 3 6 7 9
1 2 5 10 14
1 3 4 7 8
7 8 13 14 15
2 4 11 14 15
1 5 11 12 15
2 3 5 7 15
1 2 3 4 11
1 2 5 6 11
1 2 6 9 11
1 3 10 13 14
2 3 6 9 12
1 5 6 13 14
