2 4 5 12 13
2 8 9 10 13
2 7 11 12 15
5 9 13 14 16
1 2 9 10 12
1 2 6 7 8
1 2 3 13 15
1 3 5 10 13
1 3 7 12 13
7 10 13 15 16
2 3 9 10 11
5 6 9 15 16
1 7 9 11 16
1 9 12 14 15
1 8 10 11 15
3 6 7 10 11
7 8 10 12 16
2 9 10 14 15
10 11 12 13 14
1 5 6 7 15
2 5 6 8 15
4 6 8 10 13
2 5 7 9 10
3 4 5 6 15
6 8 9 11 14
4 5 7 12 14
4 6 7 14 16
2 4 7 13 14
2 8 12 14 16
3 4 7 9 14
5 7 8 11 13
1 2 5 11 14
2 3 6 12 14
2 3 4 8 11
5 6 13 14 15
1 4 6 11 12
6 7 9 12 13
1 3 4 13 16
2 4 6 9 10
4 7 8 14 15
2 3 5 7 16
1 5 8 12 16
1 3 6 9 13
2 3 9 10 16
1 4 7 10 14
4 6 7 11 14
1 4 5 8 9
1 6 10 14 16
5 8 11 12 16
5 6 10 12 15
3 6 8 12 16
3 7 8 9 15
1 3 8 13 14
5 6 9 11 15
1 2 4 15 16
2 6 11 13 16
4 8 9 12 16
3 5 9 11 12
1 3 6 11 13
8 12 13 15 16
4 5 10 11 16
3 4 10 12 15
4 9 11 13 15
3 5 8 10 14
3 11 14 15 16
