5 6 9 10 14 15
3 8 9 10 11 14
1 2 3 7 8 15
3 5 7 9 11 12
7 9 12 14 15 16
1 2 4 6 7 12
7 8 10 12 13 16
1 5 6 13 14 16
1 3 5 12 13 15
1 8 11 12 14 16
1 3 6 9 11 15
2 8 11 13 14 15
1 2 5 9 12 16
3 6 7 8 13 14
2 3 4 9 11 13
1 6 8 10 15 16
1 4 5 8 9 13
1 4 10 11 12 15
1 3 4 14 15 16
2 3 5 6 12 14
3 4 9 11 13 16
1 2 7 9 10 14
1 2 7 8 9 16
2 4 6 11 14 16
2 6 8 9 12 15
4 9 10 12 13 14
1 3 5 10 12 13
4 5 7 8 11 14
5 7 10 11 15 16
3 4 5 8 12 16
1 2 5 7 11 13
4 5 6 7 8 11
2 3 10 13 15 16
3 4 6 7 10 16
4 6 7 9 13 15
2 4 5 8 10 15
2 6 10 11 12 13
6 9 10 12 14 16
